param1: 263
param2: 7912
param3: -2.651178
param4: 5.222693
